52 132
56 152
60 172
70 193
85 210
106 222
130 231
153 236
174 235
188 226
192 213
195 193
197 177
199 163
199 145
197 131
193 116
100 118
114 108
128 102
144 101
157 103
171 100
180 95
185 95
191 96
193 100
168 112
173 123
178 133
184 144
160 161
171 161
180 161
186 156
191 152
118 125
130 121
137 119
144 118
138 122
130 124
173 112
178 109
185 110
189 110
187 113
179 114
144 190
160 183
173 178
179 179
184 176
187 177
190 181
189 190
187 196
182 198
176 200
162 198
148 189
179 184
183 183
187 181
180 188
174 189
