103 259 0
107 292 0
115 329 0
126 359 0
143 392 0
168 420 0
189 441 0
217 462 0
255 463 0
294 454 0
329 430 0
361 403 0
381 370 0
391 333 0
392 289 0
391 245 0
386 202 0
106 231 0
114 209 0
132 198 0
158 190 0
186 194 0
227 189 0
256 175 0
288 166 0
319 168 0
340 183 0
211 220 0
213 243 0
214 266 0
216 291 0
191 320 0
209 326 0
228 327 0
245 318 0
263 309 0
133 245 0
147 233 0
161 229 0
179 235 0
165 240 0
149 245 0
258 218 0
276 205 0
294 203 0
311 208 0
295 212 0
279 215 0
189 382 0
201 364 0
221 358 0
236 362 0
251 352 0
273 354 0
300 360 0
274 376 0
256 383 0
239 387 0
225 389 0
208 387 0
197 378 0
238 371 0
253 365 0
289 361 0
237 371 0
223 371 0
