3.30167
3.61206
3.88557
4.05779
4.04269
3.74784
3.22445
2.46302
1.51797
0.582383
-0.241714
-1.18362
-1.97279
-2.46142
-2.82518
-3.2706
-3.69358
2.13407
1.5328
0.804813
0.157141
-0.362155
-1.6908
-2.39862
-3.14247
-3.72288
-3.89265
-0.798927
-0.583738
-0.401345
-0.253994
0.732059
0.410303
0.125067
-0.233573
-0.598681
1.67032
1.14923
0.716629
0.43831
0.89337
1.37299
-1.61677
-2.13018
-2.64915
-2.96431
-2.49892
-2.06302
1.98159
1.31337
0.738928
0.497466
0.1293
-0.26316
-0.535788
0.0509377
0.562452
0.953209
1.30378
1.65322
1.76052
0.918036
0.609873
0.250586
-0.356899
0.422534
0.709386
1.05249
