-3.10091
-2.6551
-2.11672
-1.69392
-1.25025
-0.679191
0.0738698
0.9483
1.89619
2.7875
3.51091
3.91785
4.09113
3.93458
3.63325
3.17383
2.73978
-3.7555
-3.61611
-3.17512
-2.59991
-1.99906
-0.769232
-0.241369
0.314927
1.02354
1.65067
-1.11076
-0.838239
-0.637903
-0.396863
-0.718432
-0.320137
0.0438416
0.320485
0.648021
-2.81267
-2.61294
-2.16434
-1.64982
-2.01092
-2.38056
0.0701313
0.337592
0.72608
1.13359
0.937128
0.481087
-0.605513
-0.246369
0.0525529
0.453871
0.891494
1.56161
2.318
1.96465
1.49434
1.01638
0.612955
0.0861823
-0.433274
0.250142
0.59937
1.0571
2.12173
1.24208
0.801685
0.345728
