-1.56503
-0.958612
-0.326163
0.220711
0.708771
1.23257
1.69561
2.19609
2.63143
2.98194
3.15934
3.0931
2.89422
2.44628
1.87791
1.23432
0.603116
-2.62388
-2.80082
-2.77777
-2.53852
-2.1761
-1.68973
-1.5942
-1.35609
-0.939168
-0.396306
-1.488
-1.12845
-0.805427
-0.466881
-0.255759
-0.0801027
0.136233
0.246317
0.331909
-1.96667
-2.0898
-1.82619
-1.44557
-1.5933
-1.74081
-0.830289
-0.878809
-0.690206
-0.387979
-0.424846
-0.61262
0.466832
0.395678
0.451807
0.712146
0.853403
1.26873
1.80446
1.81889
1.66188
1.48082
1.27176
0.952431
0.517769
0.709808
0.878171
1.09736
1.70658
1.34753
1.13186
0.909142
