3.87535
3.25468
2.62171
1.95041
1.19871
0.336393
-0.523997
-1.39673
-1.93196
-2.23832
-2.13476
-2.01125
-1.71659
-1.21649
-0.745072
-0.323771
0.0977766
3.18836
3.0252
2.57588
2.13722
1.66646
0.991982
0.837819
0.57929
0.296751
0.0332974
0.854159
0.458084
-0.02861
-0.523752
-0.0656682
-0.336927
-0.562698
-0.665088
-0.719149
2.40237
2.23901
1.98216
1.60637
1.81867
2.09195
0.495657
0.51619
0.248512
-0.08606
0.013358
0.224919
-0.0528299
-0.387918
-0.722828
-0.902182
-0.955382
-1.00431
-1.03918
-1.28567
-1.35392
-1.26482
-1.10489
-0.708405
-0.210076
-0.789527
-0.94952
-1.06097
-0.996295
-1.0568
-0.955277
-0.918064
