2.95787
3.04297
3.13044
3.1385
2.98512
2.59507
2.07895
1.40316
0.677256
0.00542413
-0.465616
-1.04551
-1.51603
-1.7766
-1.90493
-2.13726
-2.32442
1.96888
1.54302
0.966546
0.464802
0.0544951
-0.975313
-1.43901
-1.98494
-2.41854
-2.54415
-0.402247
-0.313782
-0.292792
-0.336097
0.46977
0.22214
-0.0470776
-0.301106
-0.547375
1.5504
1.18318
0.838583
0.574372
0.924703
1.30813
-0.96325
-1.29189
-1.69494
-1.96535
-1.62675
-1.31405
1.38153
0.853807
0.375442
0.151023
-0.0982811
-0.353489
-0.508399
-0.205489
0.119978
0.389529
0.667865
1.02564
1.19998
0.491723
0.245648
-0.0278444
-0.403758
0.0813552
0.309364
0.522829
