51 130 0.487660
53 147 0.431177
57 165 0.350637
63 180 0.283295
72 197 0.212755
84 211 0.093081
95 222 0.040988
109 232 -0.007551
128 233 -0.116404
148 228 -0.105763
165 216 0.014923
181 203 0.056764
192 186 0.109073
197 167 0.140938
197 145 0.187489
197 123 0.226785
194 101 0.264368
53 116 0.082569
57 105 -0.012553
66 99 -0.093968
79 95 -0.161163
93 97 -0.211963
114 95 -0.184439
129 88 -0.182619
145 83 -0.148523
160 84 -0.064787
171 92 0.007550
106 110 -0.157787
107 122 -0.176771
107 134 -0.269606
108 146 -0.329510
96 161 -0.167497
105 164 -0.179250
114 164 -0.191878
123 160 -0.161694
132 155 -0.140683
67 123 0.024121
74 117 -0.066148
81 115 -0.074873
90 118 -0.053205
83 120 -0.062516
75 123 -0.041902
130 109 -0.061144
139 103 -0.107318
148 102 -0.111377
156 104 -0.053701
148 106 -0.079137
140 108 -0.081545
95 192 -0.083440
101 183 -0.116945
111 180 -0.170994
118 182 -0.185976
126 177 -0.192174
137 178 -0.135529
151 181 -0.087452
138 189 -0.124752
129 193 -0.155024
120 195 -0.165364
113 196 -0.126533
104 195 -0.082977
103 189 -0.099961
119 186 -0.152835
127 183 -0.179128
137 183 -0.130141
119 186 -0.149010
112 186 -0.096856
